                               * opamp testbench
                               AC Analysis  Mon Jun  5 23:40:20  2023
--------------------------------------------------------------------------------
Index   frequency       gain            
--------------------------------------------------------------------------------
0	1.000000e+00	-1.48661e+02	
1	1.023060e+00	-1.48702e+02	
2	1.046651e+00	-1.48745e+02	
3	1.070787e+00	-1.48789e+02	
4	1.095479e+00	-1.48835e+02	
5	1.120740e+00	-1.48883e+02	
6	1.146584e+00	-1.48932e+02	
7	1.173024e+00	-1.48983e+02	
8	1.200074e+00	-1.49036e+02	
9	1.227747e+00	-1.49091e+02	
10	1.256059e+00	-1.49147e+02	
11	1.285023e+00	-1.49205e+02	
12	1.314655e+00	-1.49265e+02	
13	1.344971e+00	-1.49327e+02	
14	1.375986e+00	-1.49391e+02	
15	1.407715e+00	-1.49457e+02	
16	1.440177e+00	-1.49525e+02	
17	1.473387e+00	-1.49596e+02	
18	1.507363e+00	-1.49668e+02	
19	1.542122e+00	-1.49742e+02	
20	1.577683e+00	-1.49819e+02	
21	1.614064e+00	-1.49897e+02	
22	1.651284e+00	-1.49978e+02	
23	1.689362e+00	-1.50061e+02	
24	1.728318e+00	-1.50146e+02	
25	1.768173e+00	-1.50234e+02	
26	1.808947e+00	-1.50324e+02	
27	1.850660e+00	-1.50416e+02	
28	1.893336e+00	-1.50510e+02	
29	1.936996e+00	-1.50607e+02	
30	1.981663e+00	-1.50706e+02	
31	2.027359e+00	-1.50807e+02	
32	2.074110e+00	-1.50910e+02	
33	2.121938e+00	-1.51016e+02	
34	2.170869e+00	-1.51124e+02	
35	2.220929e+00	-1.51235e+02	
36	2.272143e+00	-1.51347e+02	
37	2.324538e+00	-1.51462e+02	
38	2.378141e+00	-1.51579e+02	
39	2.432980e+00	-1.51698e+02	
40	2.489084e+00	-1.51820e+02	
41	2.546482e+00	-1.51944e+02	
42	2.605203e+00	-1.52070e+02	
43	2.665278e+00	-1.52198e+02	
44	2.726739e+00	-1.52328e+02	
45	2.789617e+00	-1.52460e+02	
46	2.853945e+00	-1.52595e+02	
47	2.919756e+00	-1.52731e+02	
48	2.987085e+00	-1.52870e+02	
49	3.055966e+00	-1.53010e+02	
50	3.126436e+00	-1.53152e+02	
51	3.198530e+00	-1.53297e+02	
52	3.272288e+00	-1.53443e+02	
53	3.347746e+00	-1.53591e+02	
54	3.424944e+00	-1.53741e+02	

Index   frequency       gain            
--------------------------------------------------------------------------------
55	3.503922e+00	-1.53893e+02	
56	3.584722e+00	-1.54046e+02	
57	3.667384e+00	-1.54201e+02	
58	3.751953e+00	-1.54358e+02	
59	3.838472e+00	-1.54517e+02	
60	3.926986e+00	-1.54677e+02	
61	4.017542e+00	-1.54839e+02	
62	4.110185e+00	-1.55002e+02	
63	4.204965e+00	-1.55167e+02	
64	4.301930e+00	-1.55333e+02	
65	4.401132e+00	-1.55501e+02	
66	4.502621e+00	-1.55670e+02	
67	4.606450e+00	-1.55841e+02	
68	4.712673e+00	-1.56013e+02	
69	4.821346e+00	-1.56186e+02	
70	4.932525e+00	-1.56361e+02	
71	5.046268e+00	-1.56536e+02	
72	5.162633e+00	-1.56714e+02	
73	5.281682e+00	-1.56892e+02	
74	5.403477e+00	-1.57071e+02	
75	5.528079e+00	-1.57252e+02	
76	5.655555e+00	-1.57434e+02	
77	5.785971e+00	-1.57617e+02	
78	5.919394e+00	-1.57801e+02	
79	6.055893e+00	-1.57987e+02	
80	6.195541e+00	-1.58173e+02	
81	6.338408e+00	-1.58360e+02	
82	6.484570e+00	-1.58549e+02	
83	6.634103e+00	-1.58739e+02	
84	6.787083e+00	-1.58929e+02	
85	6.943591e+00	-1.59121e+02	
86	7.103709e+00	-1.59313e+02	
87	7.267518e+00	-1.59507e+02	
88	7.435105e+00	-1.59702e+02	
89	7.606557e+00	-1.59897e+02	
90	7.781962e+00	-1.60094e+02	
91	7.961412e+00	-1.60291e+02	
92	8.145000e+00	-1.60490e+02	
93	8.332822e+00	-1.60690e+02	
94	8.524974e+00	-1.60890e+02	
95	8.721558e+00	-1.61092e+02	
96	8.922674e+00	-1.61294e+02	
97	9.128429e+00	-1.61498e+02	
98	9.338928e+00	-1.61703e+02	
99	9.554281e+00	-1.61908e+02	
100	9.774600e+00	-1.62115e+02	
101	1.000000e+01	-1.62323e+02	
102	1.023060e+01	-1.62531e+02	
103	1.046651e+01	-1.62741e+02	
104	1.070787e+01	-1.62952e+02	
105	1.095479e+01	-1.63164e+02	
106	1.120740e+01	-1.63377e+02	
107	1.146584e+01	-1.63592e+02	
108	1.173024e+01	-1.63807e+02	
109	1.200074e+01	-1.64024e+02	
110	1.227747e+01	-1.64241e+02	
111	1.256059e+01	-1.64461e+02	
112	1.285023e+01	-1.64681e+02	

Index   frequency       gain            
--------------------------------------------------------------------------------
113	1.314655e+01	-1.64902e+02	
114	1.344971e+01	-1.65125e+02	
115	1.375986e+01	-1.65350e+02	
116	1.407715e+01	-1.65575e+02	
117	1.440177e+01	-1.65802e+02	
118	1.473387e+01	-1.66031e+02	
119	1.507363e+01	-1.66261e+02	
120	1.542122e+01	-1.66492e+02	
121	1.577683e+01	-1.66725e+02	
122	1.614064e+01	-1.66959e+02	
123	1.651284e+01	-1.67195e+02	
124	1.689362e+01	-1.67433e+02	
125	1.728318e+01	-1.67672e+02	
126	1.768173e+01	-1.67913e+02	
127	1.808947e+01	-1.68156e+02	
128	1.850660e+01	-1.68400e+02	
129	1.893336e+01	-1.68647e+02	
130	1.936996e+01	-1.68895e+02	
131	1.981663e+01	-1.69144e+02	
132	2.027359e+01	-1.69396e+02	
133	2.074110e+01	-1.69650e+02	
134	2.121938e+01	-1.69905e+02	
135	2.170869e+01	-1.70163e+02	
136	2.220929e+01	-1.70423e+02	
137	2.272143e+01	-1.70684e+02	
138	2.324538e+01	-1.70948e+02	
139	2.378141e+01	-1.71213e+02	
140	2.432980e+01	-1.71481e+02	
141	2.489084e+01	-1.71751e+02	
142	2.546482e+01	-1.72023e+02	
143	2.605203e+01	-1.72297e+02	
144	2.665278e+01	-1.72574e+02	
145	2.726739e+01	-1.72852e+02	
146	2.789617e+01	-1.73133e+02	
147	2.853945e+01	-1.73416e+02	
148	2.919756e+01	-1.73701e+02	
149	2.987085e+01	-1.73989e+02	
150	3.055966e+01	-1.74278e+02	
151	3.126436e+01	-1.74570e+02	
152	3.198530e+01	-1.74864e+02	
153	3.272288e+01	-1.75160e+02	
154	3.347746e+01	-1.75459e+02	
155	3.424944e+01	-1.75760e+02	
156	3.503922e+01	-1.76062e+02	
157	3.584722e+01	-1.76367e+02	
158	3.667384e+01	-1.76675e+02	
159	3.751953e+01	-1.76984e+02	
160	3.838472e+01	-1.77295e+02	
161	3.926986e+01	-1.77609e+02	
162	4.017542e+01	-1.77925e+02	
163	4.110185e+01	-1.78242e+02	
164	4.204965e+01	-1.78562e+02	
165	4.301930e+01	-1.78883e+02	
166	4.401132e+01	-1.79207e+02	
167	4.502621e+01	-1.79533e+02	
168	4.606450e+01	-1.79860e+02	
169	4.712673e+01	-1.80189e+02	
170	4.821346e+01	-1.80520e+02	

Index   frequency       gain            
--------------------------------------------------------------------------------
171	4.932525e+01	-1.80853e+02	
172	5.046268e+01	-1.81187e+02	
173	5.162633e+01	-1.81523e+02	
174	5.281682e+01	-1.81861e+02	
175	5.403477e+01	-1.82200e+02	
176	5.528079e+01	-1.82541e+02	
177	5.655555e+01	-1.82883e+02	
178	5.785971e+01	-1.83227e+02	
179	5.919394e+01	-1.83572e+02	
180	6.055893e+01	-1.83919e+02	
181	6.195541e+01	-1.84266e+02	
182	6.338408e+01	-1.84615e+02	
183	6.484570e+01	-1.84965e+02	
184	6.634103e+01	-1.85316e+02	
185	6.787083e+01	-1.85669e+02	
186	6.943591e+01	-1.86022e+02	
187	7.103709e+01	-1.86376e+02	
188	7.267518e+01	-1.86731e+02	
189	7.435105e+01	-1.87087e+02	
190	7.606557e+01	-1.87444e+02	
191	7.781962e+01	-1.87801e+02	
192	7.961412e+01	-1.88159e+02	
193	8.145000e+01	-1.88518e+02	
194	8.332822e+01	-1.88877e+02	
195	8.524974e+01	-1.89237e+02	
196	8.721558e+01	-1.89597e+02	
197	8.922674e+01	-1.89958e+02	
198	9.128429e+01	-1.90319e+02	
199	9.338928e+01	-1.90680e+02	
200	9.554281e+01	-1.91042e+02	
201	9.774600e+01	-1.91404e+02	
202	1.000000e+02	-1.91766e+02	
203	1.023060e+02	-1.92127e+02	
204	1.046651e+02	-1.92489e+02	
205	1.070787e+02	-1.92851e+02	
206	1.095479e+02	-1.93213e+02	
207	1.120740e+02	-1.93574e+02	
208	1.146584e+02	-1.93936e+02	
209	1.173024e+02	-1.94297e+02	
210	1.200074e+02	-1.94657e+02	
211	1.227747e+02	-1.95018e+02	
212	1.256059e+02	-1.95377e+02	
213	1.285023e+02	-1.95737e+02	
214	1.314655e+02	-1.96095e+02	
215	1.344971e+02	-1.96453e+02	
216	1.375986e+02	-1.96810e+02	
217	1.407715e+02	-1.97167e+02	
218	1.440177e+02	-1.97522e+02	
219	1.473387e+02	-1.97877e+02	
220	1.507363e+02	-1.98230e+02	
221	1.542122e+02	-1.98583e+02	
222	1.577683e+02	-1.98934e+02	
223	1.614064e+02	-1.99284e+02	
224	1.651284e+02	-1.99633e+02	
225	1.689362e+02	-1.99981e+02	
226	1.728318e+02	-2.00327e+02	
227	1.768173e+02	-2.00671e+02	
228	1.808947e+02	-2.01014e+02	

Index   frequency       gain            
--------------------------------------------------------------------------------
229	1.850660e+02	-2.01356e+02	
230	1.893336e+02	-2.01695e+02	
231	1.936996e+02	-2.02033e+02	
232	1.981663e+02	-2.02368e+02	
233	2.027359e+02	-2.02702e+02	
234	2.074110e+02	-2.03034e+02	
235	2.121938e+02	-2.03363e+02	
236	2.170869e+02	-2.03690e+02	
237	2.220929e+02	-2.04015e+02	
238	2.272143e+02	-2.04337e+02	
239	2.324538e+02	-2.04657e+02	
240	2.378141e+02	-2.04974e+02	
241	2.432980e+02	-2.05289e+02	
242	2.489084e+02	-2.05600e+02	
243	2.546482e+02	-2.05909e+02	
244	2.605203e+02	-2.06214e+02	
245	2.665278e+02	-2.06517e+02	
246	2.726739e+02	-2.06816e+02	
247	2.789617e+02	-2.07112e+02	
248	2.853945e+02	-2.07404e+02	
249	2.919756e+02	-2.07693e+02	
250	2.987085e+02	-2.07979e+02	
251	3.055966e+02	-2.08260e+02	
252	3.126436e+02	-2.08538e+02	
253	3.198530e+02	-2.08812e+02	
254	3.272288e+02	-2.09082e+02	
255	3.347746e+02	-2.09348e+02	
256	3.424944e+02	-2.09610e+02	
257	3.503922e+02	-2.09867e+02	
258	3.584722e+02	-2.10120e+02	
259	3.667384e+02	-2.10368e+02	
260	3.751953e+02	-2.10612e+02	
261	3.838472e+02	-2.10851e+02	
262	3.926986e+02	-2.11086e+02	
263	4.017542e+02	-2.11315e+02	
264	4.110185e+02	-2.11540e+02	
265	4.204965e+02	-2.11759e+02	
266	4.301930e+02	-2.11974e+02	
267	4.401132e+02	-2.12183e+02	
268	4.502621e+02	-2.12387e+02	
269	4.606450e+02	-2.12586e+02	
270	4.712673e+02	-2.12779e+02	
271	4.821346e+02	-2.12967e+02	
272	4.932525e+02	-2.13150e+02	
273	5.046268e+02	-2.13327e+02	
274	5.162633e+02	-2.13498e+02	
275	5.281682e+02	-2.13663e+02	
276	5.403477e+02	-2.13823e+02	
277	5.528079e+02	-2.13977e+02	
278	5.655555e+02	-2.14125e+02	
279	5.785971e+02	-2.14268e+02	
280	5.919394e+02	-2.14404e+02	
281	6.055893e+02	-2.14535e+02	
282	6.195541e+02	-2.14659e+02	
283	6.338408e+02	-2.14778e+02	
284	6.484570e+02	-2.14890e+02	
285	6.634103e+02	-2.14997e+02	
286	6.787083e+02	-2.15097e+02	

Index   frequency       gain            
--------------------------------------------------------------------------------
287	6.943591e+02	-2.15192e+02	
288	7.103709e+02	-2.15281e+02	
289	7.267518e+02	-2.15363e+02	
290	7.435105e+02	-2.15440e+02	
291	7.606557e+02	-2.15510e+02	
292	7.781962e+02	-2.15575e+02	
293	7.961412e+02	-2.15634e+02	
294	8.145000e+02	-2.15686e+02	
295	8.332822e+02	-2.15733e+02	
296	8.524974e+02	-2.15774e+02	
297	8.721558e+02	-2.15810e+02	
298	8.922674e+02	-2.15839e+02	
299	9.128429e+02	-2.15863e+02	
300	9.338928e+02	-2.15881e+02	
301	9.554281e+02	-2.15893e+02	
302	9.774600e+02	-2.15900e+02	
303	1.000000e+03	-2.15902e+02	
304	1.023060e+03	-2.15898e+02	
305	1.046651e+03	-2.15888e+02	
306	1.070787e+03	-2.15874e+02	
307	1.095479e+03	-2.15854e+02	
308	1.120740e+03	-2.15829e+02	
309	1.146584e+03	-2.15799e+02	
310	1.173024e+03	-2.15763e+02	
311	1.200074e+03	-2.15724e+02	
312	1.227747e+03	-2.15679e+02	
313	1.256059e+03	-2.15629e+02	
314	1.285023e+03	-2.15575e+02	
315	1.314655e+03	-2.15516e+02	
316	1.344971e+03	-2.15453e+02	
317	1.375986e+03	-2.15386e+02	
318	1.407715e+03	-2.15314e+02	
319	1.440177e+03	-2.15238e+02	
320	1.473387e+03	-2.15158e+02	
321	1.507363e+03	-2.15074e+02	
322	1.542122e+03	-2.14986e+02	
323	1.577683e+03	-2.14895e+02	
324	1.614064e+03	-2.14799e+02	
325	1.651284e+03	-2.14700e+02	
326	1.689362e+03	-2.14598e+02	
327	1.728318e+03	-2.14492e+02	
328	1.768173e+03	-2.14383e+02	
329	1.808947e+03	-2.14271e+02	
330	1.850660e+03	-2.14155e+02	
331	1.893336e+03	-2.14036e+02	
332	1.936996e+03	-2.13915e+02	
333	1.981663e+03	-2.13791e+02	
334	2.027359e+03	-2.13663e+02	
335	2.074110e+03	-2.13534e+02	
336	2.121938e+03	-2.13401e+02	
337	2.170869e+03	-2.13266e+02	
338	2.220929e+03	-2.13129e+02	
339	2.272143e+03	-2.12989e+02	
340	2.324538e+03	-2.12847e+02	
341	2.378141e+03	-2.12703e+02	
342	2.432980e+03	-2.12557e+02	
343	2.489084e+03	-2.12408e+02	
344	2.546482e+03	-2.12258e+02	

Index   frequency       gain            
--------------------------------------------------------------------------------
345	2.605203e+03	-2.12106e+02	
346	2.665278e+03	-2.11952e+02	
347	2.726739e+03	-2.11796e+02	
348	2.789617e+03	-2.11638e+02	
349	2.853945e+03	-2.11479e+02	
350	2.919756e+03	-2.11318e+02	
351	2.987085e+03	-2.11156e+02	
352	3.055966e+03	-2.10992e+02	
353	3.126436e+03	-2.10827e+02	
354	3.198530e+03	-2.10660e+02	
355	3.272288e+03	-2.10493e+02	
356	3.347746e+03	-2.10323e+02	
357	3.424944e+03	-2.10153e+02	
358	3.503922e+03	-2.09982e+02	
359	3.584722e+03	-2.09809e+02	
360	3.667384e+03	-2.09635e+02	
361	3.751953e+03	-2.09461e+02	
362	3.838472e+03	-2.09285e+02	
363	3.926986e+03	-2.09108e+02	
364	4.017542e+03	-2.08931e+02	
365	4.110185e+03	-2.08752e+02	
366	4.204965e+03	-2.08573e+02	
367	4.301930e+03	-2.08393e+02	
368	4.401132e+03	-2.08212e+02	
369	4.502621e+03	-2.08030e+02	
370	4.606450e+03	-2.07848e+02	
371	4.712673e+03	-2.07665e+02	
372	4.821346e+03	-2.07481e+02	
373	4.932525e+03	-2.07297e+02	
374	5.046268e+03	-2.07112e+02	
375	5.162633e+03	-2.06927e+02	
376	5.281682e+03	-2.06741e+02	
377	5.403477e+03	-2.06554e+02	
378	5.528079e+03	-2.06367e+02	
379	5.655555e+03	-2.06179e+02	
380	5.785971e+03	-2.05991e+02	
381	5.919394e+03	-2.05803e+02	
382	6.055893e+03	-2.05614e+02	
383	6.195541e+03	-2.05425e+02	
384	6.338408e+03	-2.05235e+02	
385	6.484570e+03	-2.05045e+02	
386	6.634103e+03	-2.04855e+02	
387	6.787083e+03	-2.04664e+02	
388	6.943591e+03	-2.04473e+02	
389	7.103709e+03	-2.04281e+02	
390	7.267518e+03	-2.04090e+02	
391	7.435105e+03	-2.03898e+02	
392	7.606557e+03	-2.03705e+02	
393	7.781962e+03	-2.03513e+02	
394	7.961412e+03	-2.03320e+02	
395	8.145000e+03	-2.03127e+02	
396	8.332822e+03	-2.02933e+02	
397	8.524974e+03	-2.02740e+02	
398	8.721558e+03	-2.02546e+02	
399	8.922674e+03	-2.02352e+02	
400	9.128429e+03	-2.02158e+02	
401	9.338928e+03	-2.01963e+02	
402	9.554281e+03	-2.01769e+02	

Index   frequency       gain            
--------------------------------------------------------------------------------
403	9.774600e+03	-2.01574e+02	
404	1.000000e+04	-2.01379e+02	
405	1.023060e+04	-2.01184e+02	
406	1.046651e+04	-2.00989e+02	
407	1.070787e+04	-2.00793e+02	
408	1.095479e+04	-2.00598e+02	
409	1.120740e+04	-2.00402e+02	
410	1.146584e+04	-2.00206e+02	
411	1.173024e+04	-2.00010e+02	
412	1.200074e+04	-1.99814e+02	
413	1.227747e+04	-1.99618e+02	
414	1.256059e+04	-1.99421e+02	
415	1.285023e+04	-1.99225e+02	
416	1.314655e+04	-1.99028e+02	
417	1.344971e+04	-1.98831e+02	
418	1.375986e+04	-1.98635e+02	
419	1.407715e+04	-1.98438e+02	
420	1.440177e+04	-1.98241e+02	
421	1.473387e+04	-1.98043e+02	
422	1.507363e+04	-1.97846e+02	
423	1.542122e+04	-1.97649e+02	
424	1.577683e+04	-1.97451e+02	
425	1.614064e+04	-1.97253e+02	
426	1.651284e+04	-1.97056e+02	
427	1.689362e+04	-1.96858e+02	
428	1.728318e+04	-1.96660e+02	
429	1.768173e+04	-1.96462e+02	
430	1.808947e+04	-1.96264e+02	
431	1.850660e+04	-1.96065e+02	
432	1.893336e+04	-1.95867e+02	
433	1.936996e+04	-1.95669e+02	
434	1.981663e+04	-1.95470e+02	
435	2.027359e+04	-1.95271e+02	
436	2.074110e+04	-1.95073e+02	
437	2.121938e+04	-1.94874e+02	
438	2.170869e+04	-1.94675e+02	
439	2.220929e+04	-1.94476e+02	
440	2.272143e+04	-1.94277e+02	
441	2.324538e+04	-1.94077e+02	
442	2.378141e+04	-1.93878e+02	
443	2.432980e+04	-1.93678e+02	
444	2.489084e+04	-1.93479e+02	
445	2.546482e+04	-1.93279e+02	
446	2.605203e+04	-1.93079e+02	
447	2.665278e+04	-1.92879e+02	
448	2.726739e+04	-1.92679e+02	
449	2.789617e+04	-1.92478e+02	
450	2.853945e+04	-1.92278e+02	
451	2.919756e+04	-1.92077e+02	
452	2.987085e+04	-1.91876e+02	
453	3.055966e+04	-1.91675e+02	
454	3.126436e+04	-1.91474e+02	
455	3.198530e+04	-1.91273e+02	
456	3.272288e+04	-1.91071e+02	
457	3.347746e+04	-1.90870e+02	
458	3.424944e+04	-1.90668e+02	
459	3.503922e+04	-1.90466e+02	
460	3.584722e+04	-1.90263e+02	

Index   frequency       gain            
--------------------------------------------------------------------------------
461	3.667384e+04	-1.90061e+02	
462	3.751953e+04	-1.89858e+02	
463	3.838472e+04	-1.89655e+02	
464	3.926986e+04	-1.89452e+02	
465	4.017542e+04	-1.89248e+02	
466	4.110185e+04	-1.89045e+02	
467	4.204965e+04	-1.88841e+02	
468	4.301930e+04	-1.88636e+02	
469	4.401132e+04	-1.88432e+02	
470	4.502621e+04	-1.88227e+02	
471	4.606450e+04	-1.88021e+02	
472	4.712673e+04	-1.87816e+02	
473	4.821346e+04	-1.87610e+02	
474	4.932525e+04	-1.87404e+02	
475	5.046268e+04	-1.87197e+02	
476	5.162633e+04	-1.86990e+02	
477	5.281682e+04	-1.86782e+02	
478	5.403477e+04	-1.86574e+02	
479	5.528079e+04	-1.86366e+02	
480	5.655555e+04	-1.86157e+02	
481	5.785971e+04	-1.85948e+02	
482	5.919394e+04	-1.85738e+02	
483	6.055893e+04	-1.85527e+02	
484	6.195541e+04	-1.85316e+02	
485	6.338408e+04	-1.85105e+02	
486	6.484570e+04	-1.84893e+02	
487	6.634103e+04	-1.84680e+02	
488	6.787083e+04	-1.84467e+02	
489	6.943591e+04	-1.84253e+02	
490	7.103709e+04	-1.84038e+02	
491	7.267518e+04	-1.83823e+02	
492	7.435105e+04	-1.83606e+02	
493	7.606557e+04	-1.83390e+02	
494	7.781962e+04	-1.83172e+02	
495	7.961412e+04	-1.82953e+02	
496	8.145000e+04	-1.82734e+02	
497	8.332822e+04	-1.82514e+02	
498	8.524974e+04	-1.82292e+02	
499	8.721558e+04	-1.82070e+02	
500	8.922674e+04	-1.81847e+02	
501	9.128429e+04	-1.81623e+02	
502	9.338928e+04	-1.81397e+02	
503	9.554281e+04	-1.81171e+02	
504	9.774600e+04	-1.80944e+02	
505	1.000000e+05	-1.80715e+02	
506	1.023060e+05	-1.80485e+02	
507	1.046651e+05	-1.80254e+02	
508	1.070787e+05	-1.80022e+02	
509	1.095479e+05	-1.79788e+02	
510	1.120740e+05	-1.79553e+02	
511	1.146584e+05	-1.79317e+02	
512	1.173024e+05	-1.79079e+02	
513	1.200074e+05	-1.78840e+02	
514	1.227747e+05	-1.78599e+02	
515	1.256059e+05	-1.78356e+02	
516	1.285023e+05	-1.78112e+02	
517	1.314655e+05	-1.77867e+02	
518	1.344971e+05	-1.77619e+02	

Index   frequency       gain            
--------------------------------------------------------------------------------
519	1.375986e+05	-1.77370e+02	
520	1.407715e+05	-1.77120e+02	
521	1.440177e+05	-1.76867e+02	
522	1.473387e+05	-1.76613e+02	
523	1.507363e+05	-1.76357e+02	
524	1.542122e+05	-1.76099e+02	
525	1.577683e+05	-1.75839e+02	
526	1.614064e+05	-1.75577e+02	
527	1.651284e+05	-1.75313e+02	
528	1.689362e+05	-1.75047e+02	
529	1.728318e+05	-1.74779e+02	
530	1.768173e+05	-1.74509e+02	
531	1.808947e+05	-1.74236e+02	
532	1.850660e+05	-1.73962e+02	
533	1.893336e+05	-1.73686e+02	
534	1.936996e+05	-1.73407e+02	
535	1.981663e+05	-1.73126e+02	
536	2.027359e+05	-1.72843e+02	
537	2.074110e+05	-1.72558e+02	
538	2.121938e+05	-1.72270e+02	
539	2.170869e+05	-1.71981e+02	
540	2.220929e+05	-1.71689e+02	
541	2.272143e+05	-1.71394e+02	
542	2.324538e+05	-1.71098e+02	
543	2.378141e+05	-1.70799e+02	
544	2.432980e+05	-1.70498e+02	
545	2.489084e+05	-1.70195e+02	
546	2.546482e+05	-1.69889e+02	
547	2.605203e+05	-1.69582e+02	
548	2.665278e+05	-1.69272e+02	
549	2.726739e+05	-1.68959e+02	
550	2.789617e+05	-1.68645e+02	
551	2.853945e+05	-1.68329e+02	
552	2.919756e+05	-1.68010e+02	
553	2.987085e+05	-1.67689e+02	
554	3.055966e+05	-1.67366e+02	
555	3.126436e+05	-1.67041e+02	
556	3.198530e+05	-1.66714e+02	
557	3.272288e+05	-1.66385e+02	
558	3.347746e+05	-1.66054e+02	
559	3.424944e+05	-1.65720e+02	
560	3.503922e+05	-1.65385e+02	
561	3.584722e+05	-1.65048e+02	
562	3.667384e+05	-1.64710e+02	
563	3.751953e+05	-1.64369e+02	
564	3.838472e+05	-1.64026e+02	
565	3.926986e+05	-1.63682e+02	
566	4.017542e+05	-1.63336e+02	
567	4.110185e+05	-1.62989e+02	
568	4.204965e+05	-1.62639e+02	
569	4.301930e+05	-1.62288e+02	
570	4.401132e+05	-1.61936e+02	
571	4.502621e+05	-1.61582e+02	
572	4.606450e+05	-1.61227e+02	
573	4.712673e+05	-1.60870e+02	
574	4.821346e+05	-1.60511e+02	
575	4.932525e+05	-1.60152e+02	
576	5.046268e+05	-1.59791e+02	

Index   frequency       gain            
--------------------------------------------------------------------------------
577	5.162633e+05	-1.59428e+02	
578	5.281682e+05	-1.59065e+02	
579	5.403477e+05	-1.58700e+02	
580	5.528079e+05	-1.58334e+02	
581	5.655555e+05	-1.57967e+02	
582	5.785971e+05	-1.57598e+02	
583	5.919394e+05	-1.57229e+02	
584	6.055893e+05	-1.56859e+02	
585	6.195541e+05	-1.56488e+02	
586	6.338408e+05	-1.56115e+02	
587	6.484570e+05	-1.55742e+02	
588	6.634103e+05	-1.55368e+02	
589	6.787083e+05	-1.54993e+02	
590	6.943591e+05	-1.54617e+02	
591	7.103709e+05	-1.54240e+02	
592	7.267518e+05	-1.53863e+02	
593	7.435105e+05	-1.53485e+02	
594	7.606557e+05	-1.53106e+02	
595	7.781962e+05	-1.52726e+02	
596	7.961412e+05	-1.52346e+02	
597	8.145000e+05	-1.51965e+02	
598	8.332822e+05	-1.51584e+02	
599	8.524974e+05	-1.51202e+02	
600	8.721558e+05	-1.50819e+02	
601	8.922674e+05	-1.50436e+02	
602	9.128429e+05	-1.50052e+02	
603	9.338928e+05	-1.49668e+02	
604	9.554281e+05	-1.49283e+02	
605	9.774600e+05	-1.48898e+02	
606	1.000000e+06	-1.48512e+02	
607	1.023060e+06	-1.48126e+02	
608	1.046651e+06	-1.47740e+02	
609	1.070787e+06	-1.47353e+02	
610	1.095479e+06	-1.46965e+02	
611	1.120740e+06	-1.46578e+02	
612	1.146584e+06	-1.46190e+02	
613	1.173024e+06	-1.45802e+02	
614	1.200074e+06	-1.45413e+02	
615	1.227747e+06	-1.45024e+02	
616	1.256059e+06	-1.44635e+02	
617	1.285023e+06	-1.44245e+02	
618	1.314655e+06	-1.43856e+02	
619	1.344971e+06	-1.43466e+02	
620	1.375986e+06	-1.43075e+02	
621	1.407715e+06	-1.42685e+02	
622	1.440177e+06	-1.42294e+02	
623	1.473387e+06	-1.41903e+02	
624	1.507363e+06	-1.41512e+02	
625	1.542122e+06	-1.41121e+02	
626	1.577683e+06	-1.40729e+02	
627	1.614064e+06	-1.40338e+02	
628	1.651284e+06	-1.39946e+02	
629	1.689362e+06	-1.39554e+02	
630	1.728318e+06	-1.39162e+02	
631	1.768173e+06	-1.38770e+02	
632	1.808947e+06	-1.38377e+02	
633	1.850660e+06	-1.37985e+02	
634	1.893336e+06	-1.37592e+02	

Index   frequency       gain            
--------------------------------------------------------------------------------
635	1.936996e+06	-1.37200e+02	
636	1.981663e+06	-1.36807e+02	
637	2.027359e+06	-1.36414e+02	
638	2.074110e+06	-1.36021e+02	
639	2.121938e+06	-1.35628e+02	
640	2.170869e+06	-1.35235e+02	
641	2.220929e+06	-1.34841e+02	
642	2.272143e+06	-1.34448e+02	
643	2.324538e+06	-1.34055e+02	
644	2.378141e+06	-1.33661e+02	
645	2.432980e+06	-1.33268e+02	
646	2.489084e+06	-1.32874e+02	
647	2.546482e+06	-1.32481e+02	
648	2.605203e+06	-1.32087e+02	
649	2.665278e+06	-1.31694e+02	
650	2.726739e+06	-1.31300e+02	
651	2.789617e+06	-1.30906e+02	
652	2.853945e+06	-1.30513e+02	
653	2.919756e+06	-1.30119e+02	
654	2.987085e+06	-1.29725e+02	
655	3.055966e+06	-1.29332e+02	
656	3.126436e+06	-1.28938e+02	
657	3.198530e+06	-1.28544e+02	
658	3.272288e+06	-1.28151e+02	
659	3.347746e+06	-1.27757e+02	
660	3.424944e+06	-1.27363e+02	
661	3.503922e+06	-1.26970e+02	
662	3.584722e+06	-1.26576e+02	
663	3.667384e+06	-1.26183e+02	
664	3.751953e+06	-1.25789e+02	
665	3.838472e+06	-1.25396e+02	
666	3.926986e+06	-1.25003e+02	
667	4.017542e+06	-1.24609e+02	
668	4.110185e+06	-1.24216e+02	
669	4.204965e+06	-1.23823e+02	
670	4.301930e+06	-1.23430e+02	
671	4.401132e+06	-1.23037e+02	
672	4.502621e+06	-1.22644e+02	
673	4.606450e+06	-1.22251e+02	
674	4.712673e+06	-1.21858e+02	
675	4.821346e+06	-1.21466e+02	
676	4.932525e+06	-1.21073e+02	
677	5.046268e+06	-1.20681e+02	
678	5.162633e+06	-1.20289e+02	
679	5.281682e+06	-1.19897e+02	
680	5.403477e+06	-1.19505e+02	
681	5.528079e+06	-1.19113e+02	
682	5.655555e+06	-1.18721e+02	
683	5.785971e+06	-1.18330e+02	
684	5.919394e+06	-1.17939e+02	
685	6.055893e+06	-1.17547e+02	
686	6.195541e+06	-1.17157e+02	
687	6.338408e+06	-1.16766e+02	
688	6.484570e+06	-1.16375e+02	
689	6.634103e+06	-1.15985e+02	
690	6.787083e+06	-1.15595e+02	
691	6.943591e+06	-1.15205e+02	
692	7.103709e+06	-1.14816e+02	

Index   frequency       gain            
--------------------------------------------------------------------------------
693	7.267518e+06	-1.14427e+02	
694	7.435105e+06	-1.14038e+02	
695	7.606557e+06	-1.13649e+02	
696	7.781962e+06	-1.13261e+02	
697	7.961412e+06	-1.12873e+02	
698	8.145000e+06	-1.12485e+02	
699	8.332822e+06	-1.12098e+02	
700	8.524974e+06	-1.11711e+02	
701	8.721558e+06	-1.11325e+02	
702	8.922674e+06	-1.10939e+02	
703	9.128429e+06	-1.10553e+02	
704	9.338928e+06	-1.10168e+02	
705	9.554281e+06	-1.09783e+02	
706	9.774600e+06	-1.09399e+02	
707	1.000000e+07	-1.09015e+02	
708	1.023060e+07	-1.08632e+02	
709	1.046651e+07	-1.08249e+02	
710	1.070787e+07	-1.07867e+02	
711	1.095479e+07	-1.07486e+02	
712	1.120740e+07	-1.07105e+02	
713	1.146584e+07	-1.06724e+02	
714	1.173024e+07	-1.06345e+02	
715	1.200074e+07	-1.05966e+02	
716	1.227747e+07	-1.05588e+02	
717	1.256059e+07	-1.05210e+02	
718	1.285023e+07	-1.04834e+02	
719	1.314655e+07	-1.04458e+02	
720	1.344971e+07	-1.04083e+02	
721	1.375986e+07	-1.03709e+02	
722	1.407715e+07	-1.03335e+02	
723	1.440177e+07	-1.02963e+02	
724	1.473387e+07	-1.02592e+02	
725	1.507363e+07	-1.02221e+02	
726	1.542122e+07	-1.01852e+02	
727	1.577683e+07	-1.01483e+02	
728	1.614064e+07	-1.01116e+02	
729	1.651284e+07	-1.00750e+02	
730	1.689362e+07	-1.00385e+02	
731	1.728318e+07	-1.00021e+02	
732	1.768173e+07	-9.96588e+01	
733	1.808947e+07	-9.92976e+01	
734	1.850660e+07	-9.89377e+01	
735	1.893336e+07	-9.85791e+01	
736	1.936996e+07	-9.82219e+01	
737	1.981663e+07	-9.78661e+01	
738	2.027359e+07	-9.75117e+01	
739	2.074110e+07	-9.71589e+01	
740	2.121938e+07	-9.68076e+01	
741	2.170869e+07	-9.64579e+01	
742	2.220929e+07	-9.61097e+01	
743	2.272143e+07	-9.57632e+01	
744	2.324538e+07	-9.54184e+01	
745	2.378141e+07	-9.50753e+01	
746	2.432980e+07	-9.47340e+01	
747	2.489084e+07	-9.43944e+01	
748	2.546482e+07	-9.40566e+01	
749	2.605203e+07	-9.37207e+01	
750	2.665278e+07	-9.33866e+01	

Index   frequency       gain            
--------------------------------------------------------------------------------
751	2.726739e+07	-9.30544e+01	
752	2.789617e+07	-9.27242e+01	
753	2.853945e+07	-9.23959e+01	
754	2.919756e+07	-9.20695e+01	
755	2.987085e+07	-9.17452e+01	
756	3.055966e+07	-9.14228e+01	
757	3.126436e+07	-9.11025e+01	
758	3.198530e+07	-9.07843e+01	
759	3.272288e+07	-9.04680e+01	
760	3.347746e+07	-9.01539e+01	
761	3.424944e+07	-8.98418e+01	
762	3.503922e+07	-8.95318e+01	
763	3.584722e+07	-8.92239e+01	
764	3.667384e+07	-8.89181e+01	
765	3.751953e+07	-8.86143e+01	
766	3.838472e+07	-8.83127e+01	
767	3.926986e+07	-8.80130e+01	
768	4.017542e+07	-8.77155e+01	
769	4.110185e+07	-8.74200e+01	
770	4.204965e+07	-8.71265e+01	
771	4.301930e+07	-8.68351e+01	
772	4.401132e+07	-8.65456e+01	
773	4.502621e+07	-8.62581e+01	
774	4.606450e+07	-8.59726e+01	
775	4.712673e+07	-8.56889e+01	
776	4.821346e+07	-8.54072e+01	
777	4.932525e+07	-8.51273e+01	
778	5.046268e+07	-8.48492e+01	
779	5.162633e+07	-8.45729e+01	
780	5.281682e+07	-8.42984e+01	
781	5.403477e+07	-8.40255e+01	
782	5.528079e+07	-8.37543e+01	
783	5.655555e+07	-8.34848e+01	
784	5.785971e+07	-8.32168e+01	
785	5.919394e+07	-8.29503e+01	
786	6.055893e+07	-8.26853e+01	
787	6.195541e+07	-8.24217e+01	
788	6.338408e+07	-8.21595e+01	
789	6.484570e+07	-8.18986e+01	
790	6.634103e+07	-8.16389e+01	
791	6.787083e+07	-8.13805e+01	
792	6.943591e+07	-8.11232e+01	
793	7.103709e+07	-8.08670e+01	
794	7.267518e+07	-8.06119e+01	
795	7.435105e+07	-8.03577e+01	
796	7.606557e+07	-8.01045e+01	
797	7.781962e+07	-7.98521e+01	
798	7.961412e+07	-7.96006e+01	
799	8.145000e+07	-7.93497e+01	
800	8.332822e+07	-7.90996e+01	
801	8.524974e+07	-7.88502e+01	
802	8.721558e+07	-7.86013e+01	
803	8.922674e+07	-7.83529e+01	
804	9.128429e+07	-7.81050e+01	
805	9.338928e+07	-7.78575e+01	
806	9.554281e+07	-7.76104e+01	
807	9.774600e+07	-7.73635e+01	
808	1.000000e+08	-7.71170e+01	

Index   frequency       gain            
--------------------------------------------------------------------------------
809	1.023060e+08	-7.68706e+01	
810	1.046651e+08	-7.66244e+01	
811	1.070787e+08	-7.63783e+01	
812	1.095479e+08	-7.61322e+01	
813	1.120740e+08	-7.58861e+01	
814	1.146584e+08	-7.56400e+01	
815	1.173024e+08	-7.53939e+01	
816	1.200074e+08	-7.51476e+01	
817	1.227747e+08	-7.49011e+01	
818	1.256059e+08	-7.46545e+01	
819	1.285023e+08	-7.44076e+01	
820	1.314655e+08	-7.41605e+01	
821	1.344971e+08	-7.39131e+01	
822	1.375986e+08	-7.36653e+01	
823	1.407715e+08	-7.34172e+01	
824	1.440177e+08	-7.31688e+01	
825	1.473387e+08	-7.29200e+01	
826	1.507363e+08	-7.26708e+01	
827	1.542122e+08	-7.24211e+01	
828	1.577683e+08	-7.21711e+01	
829	1.614064e+08	-7.19206e+01	
830	1.651284e+08	-7.16697e+01	
831	1.689362e+08	-7.14184e+01	
832	1.728318e+08	-7.11667e+01	
833	1.768173e+08	-7.09146e+01	
834	1.808947e+08	-7.06621e+01	
835	1.850660e+08	-7.04092e+01	
836	1.893336e+08	-7.01560e+01	
837	1.936996e+08	-6.99024e+01	
838	1.981663e+08	-6.96485e+01	
839	2.027359e+08	-6.93944e+01	
840	2.074110e+08	-6.91400e+01	
841	2.121938e+08	-6.88855e+01	
842	2.170869e+08	-6.86308e+01	
843	2.220929e+08	-6.83761e+01	
844	2.272143e+08	-6.81213e+01	
845	2.324538e+08	-6.78665e+01	
846	2.378141e+08	-6.76118e+01	
847	2.432980e+08	-6.73572e+01	
848	2.489084e+08	-6.71029e+01	
849	2.546482e+08	-6.68488e+01	
850	2.605203e+08	-6.65951e+01	
851	2.665278e+08	-6.63418e+01	
852	2.726739e+08	-6.60891e+01	
853	2.789617e+08	-6.58369e+01	
854	2.853945e+08	-6.55854e+01	
855	2.919756e+08	-6.53347e+01	
856	2.987085e+08	-6.50849e+01	
857	3.055966e+08	-6.48360e+01	
858	3.126436e+08	-6.45882e+01	
859	3.198530e+08	-6.43415e+01	
860	3.272288e+08	-6.40960e+01	
861	3.347746e+08	-6.38519e+01	
862	3.424944e+08	-6.36092e+01	
863	3.503922e+08	-6.33680e+01	
864	3.584722e+08	-6.31284e+01	
865	3.667384e+08	-6.28906e+01	
866	3.751953e+08	-6.26546e+01	

Index   frequency       gain            
--------------------------------------------------------------------------------
867	3.838472e+08	-6.24205e+01	
868	3.926986e+08	-6.21884e+01	
869	4.017542e+08	-6.19583e+01	
870	4.110185e+08	-6.17305e+01	
871	4.204965e+08	-6.15050e+01	
872	4.301930e+08	-6.12818e+01	
873	4.401132e+08	-6.10610e+01	
874	4.502621e+08	-6.08428e+01	
875	4.606450e+08	-6.06272e+01	
876	4.712673e+08	-6.04143e+01	
877	4.821346e+08	-6.02041e+01	
878	4.932525e+08	-5.99968e+01	
879	5.046268e+08	-5.97924e+01	
880	5.162633e+08	-5.95909e+01	
881	5.281682e+08	-5.93925e+01	
882	5.403477e+08	-5.91971e+01	
883	5.528079e+08	-5.90049e+01	
884	5.655555e+08	-5.88159e+01	
885	5.785971e+08	-5.86301e+01	
886	5.919394e+08	-5.84475e+01	
887	6.055893e+08	-5.82682e+01	
888	6.195541e+08	-5.80923e+01	
889	6.338408e+08	-5.79197e+01	
890	6.484570e+08	-5.77506e+01	
891	6.634103e+08	-5.75848e+01	
892	6.787083e+08	-5.74224e+01	
893	6.943591e+08	-5.72635e+01	
894	7.103709e+08	-5.71080e+01	
895	7.267518e+08	-5.69559e+01	
896	7.435105e+08	-5.68073e+01	
897	7.606557e+08	-5.66621e+01	
898	7.781962e+08	-5.65204e+01	
899	7.961412e+08	-5.63820e+01	
900	8.145000e+08	-5.62471e+01	
901	8.332822e+08	-5.61155e+01	
902	8.524974e+08	-5.59873e+01	
903	8.721558e+08	-5.58624e+01	
904	8.922674e+08	-5.57408e+01	
905	9.128429e+08	-5.56224e+01	
906	9.338928e+08	-5.55073e+01	
907	9.554281e+08	-5.53954e+01	
908	9.774600e+08	-5.52866e+01	
909	1.000000e+09	-5.51810e+01	
