                               * opamp testbench
                               AC Analysis  Mon Jun  5 23:40:20  2023
--------------------------------------------------------------------------------
Index   frequency       phase           
--------------------------------------------------------------------------------
0	1.000000e+00	1.510866e+02	
1	1.023060e+00	1.505090e+02	
2	1.046651e+00	1.499234e+02	
3	1.070787e+00	1.493297e+02	
4	1.095479e+00	1.487281e+02	
5	1.120740e+00	1.481185e+02	
6	1.146584e+00	1.475013e+02	
7	1.173024e+00	1.468763e+02	
8	1.200074e+00	1.462439e+02	
9	1.227747e+00	1.456041e+02	
10	1.256059e+00	1.449570e+02	
11	1.285023e+00	1.443029e+02	
12	1.314655e+00	1.436419e+02	
13	1.344971e+00	1.429742e+02	
14	1.375986e+00	1.422999e+02	
15	1.407715e+00	1.416193e+02	
16	1.440177e+00	1.409327e+02	
17	1.473387e+00	1.402401e+02	
18	1.507363e+00	1.395419e+02	
19	1.542122e+00	1.388383e+02	
20	1.577683e+00	1.381295e+02	
21	1.614064e+00	1.374158e+02	
22	1.651284e+00	1.366975e+02	
23	1.689362e+00	1.359748e+02	
24	1.728318e+00	1.352481e+02	
25	1.768173e+00	1.345175e+02	
26	1.808947e+00	1.337833e+02	
27	1.850660e+00	1.330460e+02	
28	1.893336e+00	1.323057e+02	
29	1.936996e+00	1.315627e+02	
30	1.981663e+00	1.308174e+02	
31	2.027359e+00	1.300700e+02	
32	2.074110e+00	1.293208e+02	
33	2.121938e+00	1.285702e+02	
34	2.170869e+00	1.278183e+02	
35	2.220929e+00	1.270655e+02	
36	2.272143e+00	1.263121e+02	
37	2.324538e+00	1.255583e+02	
38	2.378141e+00	1.248044e+02	
39	2.432980e+00	1.240506e+02	
40	2.489084e+00	1.232973e+02	
41	2.546482e+00	1.225446e+02	
42	2.605203e+00	1.217928e+02	
43	2.665278e+00	1.210421e+02	
44	2.726739e+00	1.202927e+02	
45	2.789617e+00	1.195448e+02	
46	2.853945e+00	1.187987e+02	
47	2.919756e+00	1.180544e+02	
48	2.987085e+00	1.173123e+02	
49	3.055966e+00	1.165723e+02	
50	3.126436e+00	1.158347e+02	
51	3.198530e+00	1.150995e+02	
52	3.272288e+00	1.143670e+02	
53	3.347746e+00	1.136372e+02	
54	3.424944e+00	1.129101e+02	

Index   frequency       phase           
--------------------------------------------------------------------------------
55	3.503922e+00	1.121860e+02	
56	3.584722e+00	1.114648e+02	
57	3.667384e+00	1.107465e+02	
58	3.751953e+00	1.100313e+02	
59	3.838472e+00	1.093191e+02	
60	3.926986e+00	1.086100e+02	
61	4.017542e+00	1.079040e+02	
62	4.110185e+00	1.072010e+02	
63	4.204965e+00	1.065010e+02	
64	4.301930e+00	1.058040e+02	
65	4.401132e+00	1.051100e+02	
66	4.502621e+00	1.044188e+02	
67	4.606450e+00	1.037304e+02	
68	4.712673e+00	1.030448e+02	
69	4.821346e+00	1.023618e+02	
70	4.932525e+00	1.016814e+02	
71	5.046268e+00	1.010034e+02	
72	5.162633e+00	1.003278e+02	
73	5.281682e+00	9.965434e+01	
74	5.403477e+00	9.898297e+01	
75	5.528079e+00	9.831354e+01	
76	5.655555e+00	9.764591e+01	
77	5.785971e+00	9.697991e+01	
78	5.919394e+00	9.631540e+01	
79	6.055893e+00	9.565220e+01	
80	6.195541e+00	9.499016e+01	
81	6.338408e+00	9.432910e+01	
82	6.484570e+00	9.366883e+01	
83	6.634103e+00	9.300918e+01	
84	6.787083e+00	9.234996e+01	
85	6.943591e+00	9.169098e+01	
86	7.103709e+00	9.103205e+01	
87	7.267518e+00	9.037298e+01	
88	7.435105e+00	8.971355e+01	
89	7.606557e+00	8.905358e+01	
90	7.781962e+00	8.839287e+01	
91	7.961412e+00	8.773121e+01	
92	8.145000e+00	8.706839e+01	
93	8.332822e+00	8.640422e+01	
94	8.524974e+00	8.573848e+01	
95	8.721558e+00	8.507099e+01	
96	8.922674e+00	8.440153e+01	
97	9.128429e+00	8.372989e+01	
98	9.338928e+00	8.305589e+01	
99	9.554281e+00	8.237932e+01	
100	9.774600e+00	8.169998e+01	
101	1.000000e+01	8.101767e+01	
102	1.023060e+01	8.033221e+01	
103	1.046651e+01	7.964341e+01	
104	1.070787e+01	7.895108e+01	
105	1.095479e+01	7.825504e+01	
106	1.120740e+01	7.755512e+01	
107	1.146584e+01	7.685113e+01	
108	1.173024e+01	7.614291e+01	
109	1.200074e+01	7.543030e+01	
110	1.227747e+01	7.471315e+01	
111	1.256059e+01	7.399130e+01	
112	1.285023e+01	7.326460e+01	

Index   frequency       phase           
--------------------------------------------------------------------------------
113	1.314655e+01	7.253294e+01	
114	1.344971e+01	7.179616e+01	
115	1.375986e+01	7.105416e+01	
116	1.407715e+01	7.030682e+01	
117	1.440177e+01	6.955404e+01	
118	1.473387e+01	6.879572e+01	
119	1.507363e+01	6.803177e+01	
120	1.542122e+01	6.726212e+01	
121	1.577683e+01	6.648670e+01	
122	1.614064e+01	6.570545e+01	
123	1.651284e+01	6.491833e+01	
124	1.689362e+01	6.412531e+01	
125	1.728318e+01	6.332636e+01	
126	1.768173e+01	6.252146e+01	
127	1.808947e+01	6.171061e+01	
128	1.850660e+01	6.089383e+01	
129	1.893336e+01	6.007114e+01	
130	1.936996e+01	5.924256e+01	
131	1.981663e+01	5.840815e+01	
132	2.027359e+01	5.756795e+01	
133	2.074110e+01	5.672204e+01	
134	2.121938e+01	5.587050e+01	
135	2.170869e+01	5.501341e+01	
136	2.220929e+01	5.415088e+01	
137	2.272143e+01	5.328301e+01	
138	2.324538e+01	5.240993e+01	
139	2.378141e+01	5.153178e+01	
140	2.432980e+01	5.064869e+01	
141	2.489084e+01	4.976081e+01	
142	2.546482e+01	4.886830e+01	
143	2.605203e+01	4.797133e+01	
144	2.665278e+01	4.707006e+01	
145	2.726739e+01	4.616469e+01	
146	2.789617e+01	4.525539e+01	
147	2.853945e+01	4.434235e+01	
148	2.919756e+01	4.342577e+01	
149	2.987085e+01	4.250585e+01	
150	3.055966e+01	4.158278e+01	
151	3.126436e+01	4.065676e+01	
152	3.198530e+01	3.972799e+01	
153	3.272288e+01	3.879668e+01	
154	3.347746e+01	3.786302e+01	
155	3.424944e+01	3.692721e+01	
156	3.503922e+01	3.598944e+01	
157	3.584722e+01	3.504990e+01	
158	3.667384e+01	3.410878e+01	
159	3.751953e+01	3.316624e+01	
160	3.838472e+01	3.222247e+01	
161	3.926986e+01	3.127762e+01	
162	4.017542e+01	3.033185e+01	
163	4.110185e+01	2.938531e+01	
164	4.204965e+01	2.843812e+01	
165	4.301930e+01	2.749042e+01	
166	4.401132e+01	2.654231e+01	
167	4.502621e+01	2.559391e+01	
168	4.606450e+01	2.464529e+01	
169	4.712673e+01	2.369654e+01	
170	4.821346e+01	2.274772e+01	

Index   frequency       phase           
--------------------------------------------------------------------------------
171	4.932525e+01	2.179888e+01	
172	5.046268e+01	2.085006e+01	
173	5.162633e+01	1.990129e+01	
174	5.281682e+01	1.895256e+01	
175	5.403477e+01	1.800389e+01	
176	5.528079e+01	1.705524e+01	
177	5.655555e+01	1.610659e+01	
178	5.785971e+01	1.515788e+01	
179	5.919394e+01	1.420907e+01	
180	6.055893e+01	1.326006e+01	
181	6.195541e+01	1.231078e+01	
182	6.338408e+01	1.136113e+01	
183	6.484570e+01	1.041098e+01	
184	6.634103e+01	9.460200e+00	
185	6.787083e+01	8.508659e+00	
186	6.943591e+01	7.556199e+00	
187	7.103709e+01	6.602652e+00	
188	7.267518e+01	5.647840e+00	
189	7.435105e+01	4.691573e+00	
190	7.606557e+01	3.733648e+00	
191	7.781962e+01	2.773854e+00	
192	7.961412e+01	1.811968e+00	
193	8.145000e+01	8.477583e-01	
194	8.332822e+01	-1.19019e-01	
195	8.524974e+01	-1.08861e+00	
196	8.721558e+01	-2.06129e+00	
197	8.922674e+01	-3.03731e+00	
198	9.128429e+01	-4.01695e+00	
199	9.338928e+01	-5.00050e+00	
200	9.554281e+01	-5.98824e+00	
201	9.774600e+01	-6.98048e+00	
202	1.000000e+02	-7.97752e+00	
203	1.023060e+02	-8.97966e+00	
204	1.046651e+02	-9.98723e+00	
205	1.070787e+02	-1.10005e+01	
206	1.095479e+02	-1.20199e+01	
207	1.120740e+02	-1.30456e+01	
208	1.146584e+02	-1.40781e+01	
209	1.173024e+02	-1.51176e+01	
210	1.200074e+02	-1.61645e+01	
211	1.227747e+02	-1.72191e+01	
212	1.256059e+02	-1.82818e+01	
213	1.285023e+02	-1.93529e+01	
214	1.314655e+02	-2.04327e+01	
215	1.344971e+02	-2.15215e+01	
216	1.375986e+02	-2.26198e+01	
217	1.407715e+02	-2.37279e+01	
218	1.440177e+02	-2.48460e+01	
219	1.473387e+02	-2.59745e+01	
220	1.507363e+02	-2.71138e+01	
221	1.542122e+02	-2.82641e+01	
222	1.577683e+02	-2.94258e+01	
223	1.614064e+02	-3.05993e+01	
224	1.651284e+02	-3.17847e+01	
225	1.689362e+02	-3.29825e+01	
226	1.728318e+02	-3.41929e+01	
227	1.768173e+02	-3.54162e+01	
228	1.808947e+02	-3.66526e+01	

Index   frequency       phase           
--------------------------------------------------------------------------------
229	1.850660e+02	-3.79026e+01	
230	1.893336e+02	-3.91663e+01	
231	1.936996e+02	-4.04439e+01	
232	1.981663e+02	-4.17358e+01	
233	2.027359e+02	-4.30421e+01	
234	2.074110e+02	-4.43631e+01	
235	2.121938e+02	-4.56990e+01	
236	2.170869e+02	-4.70500e+01	
237	2.220929e+02	-4.84162e+01	
238	2.272143e+02	-4.97978e+01	
239	2.324538e+02	-5.11950e+01	
240	2.378141e+02	-5.26079e+01	
241	2.432980e+02	-5.40365e+01	
242	2.489084e+02	-5.54811e+01	
243	2.546482e+02	-5.69417e+01	
244	2.605203e+02	-5.84182e+01	
245	2.665278e+02	-5.99109e+01	
246	2.726739e+02	-6.14196e+01	
247	2.789617e+02	-6.29444e+01	
248	2.853945e+02	-6.44852e+01	
249	2.919756e+02	-6.60421e+01	
250	2.987085e+02	-6.76149e+01	
251	3.055966e+02	-6.92035e+01	
252	3.126436e+02	-7.08079e+01	
253	3.198530e+02	-7.24278e+01	
254	3.272288e+02	-7.40632e+01	
255	3.347746e+02	-7.57137e+01	
256	3.424944e+02	-7.73794e+01	
257	3.503922e+02	-7.90597e+01	
258	3.584722e+02	-8.07547e+01	
259	3.667384e+02	-8.24638e+01	
260	3.751953e+02	-8.41869e+01	
261	3.838472e+02	-8.59236e+01	
262	3.926986e+02	-8.76735e+01	
263	4.017542e+02	-8.94363e+01	
264	4.110185e+02	-9.12116e+01	
265	4.204965e+02	-9.29989e+01	
266	4.301930e+02	-9.47978e+01	
267	4.401132e+02	-9.66078e+01	
268	4.502621e+02	-9.84285e+01	
269	4.606450e+02	-1.00259e+02	
270	4.712673e+02	-1.02100e+02	
271	4.821346e+02	-1.03949e+02	
272	4.932525e+02	-1.05807e+02	
273	5.046268e+02	-1.07673e+02	
274	5.162633e+02	-1.09546e+02	
275	5.281682e+02	-1.11426e+02	
276	5.403477e+02	-1.13312e+02	
277	5.528079e+02	-1.15203e+02	
278	5.655555e+02	-1.17099e+02	
279	5.785971e+02	-1.18999e+02	
280	5.919394e+02	-1.20902e+02	
281	6.055893e+02	-1.22808e+02	
282	6.195541e+02	-1.24716e+02	
283	6.338408e+02	-1.26626e+02	
284	6.484570e+02	-1.28536e+02	
285	6.634103e+02	-1.30446e+02	
286	6.787083e+02	-1.32355e+02	

Index   frequency       phase           
--------------------------------------------------------------------------------
287	6.943591e+02	-1.34262e+02	
288	7.103709e+02	-1.36167e+02	
289	7.267518e+02	-1.38069e+02	
290	7.435105e+02	-1.39967e+02	
291	7.606557e+02	-1.41861e+02	
292	7.781962e+02	-1.43750e+02	
293	7.961412e+02	-1.45633e+02	
294	8.145000e+02	-1.47509e+02	
295	8.332822e+02	-1.49377e+02	
296	8.524974e+02	-1.51238e+02	
297	8.721558e+02	-1.53090e+02	
298	8.922674e+02	-1.54933e+02	
299	9.128429e+02	-1.56765e+02	
300	9.338928e+02	-1.58587e+02	
301	9.554281e+02	-1.60398e+02	
302	9.774600e+02	-1.62197e+02	
303	1.000000e+03	-1.63983e+02	
304	1.023060e+03	-1.65756e+02	
305	1.046651e+03	-1.67516e+02	
306	1.070787e+03	-1.69261e+02	
307	1.095479e+03	-1.70991e+02	
308	1.120740e+03	-1.72707e+02	
309	1.146584e+03	-1.74406e+02	
310	1.173024e+03	-1.76089e+02	
311	1.200074e+03	-1.77756e+02	
312	1.227747e+03	-1.79406e+02	
313	1.256059e+03	1.789623e+02	
314	1.285023e+03	1.773481e+02	
315	1.314655e+03	1.757521e+02	
316	1.344971e+03	1.741746e+02	
317	1.375986e+03	1.726159e+02	
318	1.407715e+03	1.710764e+02	
319	1.440177e+03	1.695562e+02	
320	1.473387e+03	1.680557e+02	
321	1.507363e+03	1.665750e+02	
322	1.542122e+03	1.651143e+02	
323	1.577683e+03	1.636738e+02	
324	1.614064e+03	1.622537e+02	
325	1.651284e+03	1.608540e+02	
326	1.689362e+03	1.594749e+02	
327	1.728318e+03	1.581164e+02	
328	1.768173e+03	1.567787e+02	
329	1.808947e+03	1.554617e+02	
330	1.850660e+03	1.541655e+02	
331	1.893336e+03	1.528901e+02	
332	1.936996e+03	1.516354e+02	
333	1.981663e+03	1.504015e+02	
334	2.027359e+03	1.491883e+02	
335	2.074110e+03	1.479957e+02	
336	2.121938e+03	1.468237e+02	
337	2.170869e+03	1.456721e+02	
338	2.220929e+03	1.445409e+02	
339	2.272143e+03	1.434300e+02	
340	2.324538e+03	1.423392e+02	
341	2.378141e+03	1.412683e+02	
342	2.432980e+03	1.402173e+02	
343	2.489084e+03	1.391859e+02	
344	2.546482e+03	1.381740e+02	

Index   frequency       phase           
--------------------------------------------------------------------------------
345	2.605203e+03	1.371815e+02	
346	2.665278e+03	1.362081e+02	
347	2.726739e+03	1.352536e+02	
348	2.789617e+03	1.343178e+02	
349	2.853945e+03	1.334006e+02	
350	2.919756e+03	1.325017e+02	
351	2.987085e+03	1.316209e+02	
352	3.055966e+03	1.307579e+02	
353	3.126436e+03	1.299126e+02	
354	3.198530e+03	1.290848e+02	
355	3.272288e+03	1.282741e+02	
356	3.347746e+03	1.274804e+02	
357	3.424944e+03	1.267034e+02	
358	3.503922e+03	1.259430e+02	
359	3.584722e+03	1.251987e+02	
360	3.667384e+03	1.244705e+02	
361	3.751953e+03	1.237581e+02	
362	3.838472e+03	1.230612e+02	
363	3.926986e+03	1.223796e+02	
364	4.017542e+03	1.217130e+02	
365	4.110185e+03	1.210613e+02	
366	4.204965e+03	1.204242e+02	
367	4.301930e+03	1.198014e+02	
368	4.401132e+03	1.191928e+02	
369	4.502621e+03	1.185980e+02	
370	4.606450e+03	1.180169e+02	
371	4.712673e+03	1.174493e+02	
372	4.821346e+03	1.168948e+02	
373	4.932525e+03	1.163534e+02	
374	5.046268e+03	1.158247e+02	
375	5.162633e+03	1.153086e+02	
376	5.281682e+03	1.148048e+02	
377	5.403477e+03	1.143132e+02	
378	5.528079e+03	1.138334e+02	
379	5.655555e+03	1.133654e+02	
380	5.785971e+03	1.129090e+02	
381	5.919394e+03	1.124638e+02	
382	6.055893e+03	1.120298e+02	
383	6.195541e+03	1.116067e+02	
384	6.338408e+03	1.111944e+02	
385	6.484570e+03	1.107926e+02	
386	6.634103e+03	1.104013e+02	
387	6.787083e+03	1.100201e+02	
388	6.943591e+03	1.096490e+02	
389	7.103709e+03	1.092877e+02	
390	7.267518e+03	1.089362e+02	
391	7.435105e+03	1.085942e+02	
392	7.606557e+03	1.082616e+02	
393	7.781962e+03	1.079382e+02	
394	7.961412e+03	1.076239e+02	
395	8.145000e+03	1.073185e+02	
396	8.332822e+03	1.070219e+02	
397	8.524974e+03	1.067339e+02	
398	8.721558e+03	1.064544e+02	
399	8.922674e+03	1.061834e+02	
400	9.128429e+03	1.059205e+02	
401	9.338928e+03	1.056658e+02	
402	9.554281e+03	1.054191e+02	

Index   frequency       phase           
--------------------------------------------------------------------------------
403	9.774600e+03	1.051802e+02	
404	1.000000e+04	1.049492e+02	
405	1.023060e+04	1.047257e+02	
406	1.046651e+04	1.045098e+02	
407	1.070787e+04	1.043013e+02	
408	1.095479e+04	1.041002e+02	
409	1.120740e+04	1.039063e+02	
410	1.146584e+04	1.037195e+02	
411	1.173024e+04	1.035398e+02	
412	1.200074e+04	1.033670e+02	
413	1.227747e+04	1.032011e+02	
414	1.256059e+04	1.030420e+02	
415	1.285023e+04	1.028896e+02	
416	1.314655e+04	1.027438e+02	
417	1.344971e+04	1.026046e+02	
418	1.375986e+04	1.024719e+02	
419	1.407715e+04	1.023455e+02	
420	1.440177e+04	1.022256e+02	
421	1.473387e+04	1.021119e+02	
422	1.507363e+04	1.020045e+02	
423	1.542122e+04	1.019033e+02	
424	1.577683e+04	1.018082e+02	
425	1.614064e+04	1.017191e+02	
426	1.651284e+04	1.016362e+02	
427	1.689362e+04	1.015592e+02	
428	1.728318e+04	1.014881e+02	
429	1.768173e+04	1.014230e+02	
430	1.808947e+04	1.013637e+02	
431	1.850660e+04	1.013104e+02	
432	1.893336e+04	1.012628e+02	
433	1.936996e+04	1.012210e+02	
434	1.981663e+04	1.011850e+02	
435	2.027359e+04	1.011547e+02	
436	2.074110e+04	1.011302e+02	
437	2.121938e+04	1.011114e+02	
438	2.170869e+04	1.010983e+02	
439	2.220929e+04	1.010908e+02	
440	2.272143e+04	1.010891e+02	
441	2.324538e+04	1.010930e+02	
442	2.378141e+04	1.011026e+02	
443	2.432980e+04	1.011179e+02	
444	2.489084e+04	1.011389e+02	
445	2.546482e+04	1.011656e+02	
446	2.605203e+04	1.011979e+02	
447	2.665278e+04	1.012360e+02	
448	2.726739e+04	1.012797e+02	
449	2.789617e+04	1.013292e+02	
450	2.853945e+04	1.013845e+02	
451	2.919756e+04	1.014455e+02	
452	2.987085e+04	1.015123e+02	
453	3.055966e+04	1.015849e+02	
454	3.126436e+04	1.016634e+02	
455	3.198530e+04	1.017477e+02	
456	3.272288e+04	1.018379e+02	
457	3.347746e+04	1.019340e+02	
458	3.424944e+04	1.020362e+02	
459	3.503922e+04	1.021443e+02	
460	3.584722e+04	1.022584e+02	

Index   frequency       phase           
--------------------------------------------------------------------------------
461	3.667384e+04	1.023787e+02	
462	3.751953e+04	1.025051e+02	
463	3.838472e+04	1.026376e+02	
464	3.926986e+04	1.027764e+02	
465	4.017542e+04	1.029214e+02	
466	4.110185e+04	1.030728e+02	
467	4.204965e+04	1.032305e+02	
468	4.301930e+04	1.033947e+02	
469	4.401132e+04	1.035653e+02	
470	4.502621e+04	1.037424e+02	
471	4.606450e+04	1.039262e+02	
472	4.712673e+04	1.041166e+02	
473	4.821346e+04	1.043137e+02	
474	4.932525e+04	1.045176e+02	
475	5.046268e+04	1.047283e+02	
476	5.162633e+04	1.049459e+02	
477	5.281682e+04	1.051705e+02	
478	5.403477e+04	1.054021e+02	
479	5.528079e+04	1.056407e+02	
480	5.655555e+04	1.058865e+02	
481	5.785971e+04	1.061395e+02	
482	5.919394e+04	1.063998e+02	
483	6.055893e+04	1.066674e+02	
484	6.195541e+04	1.069424e+02	
485	6.338408e+04	1.072249e+02	
486	6.484570e+04	1.075149e+02	
487	6.634103e+04	1.078124e+02	
488	6.787083e+04	1.081176e+02	
489	6.943591e+04	1.084304e+02	
490	7.103709e+04	1.087510e+02	
491	7.267518e+04	1.090794e+02	
492	7.435105e+04	1.094156e+02	
493	7.606557e+04	1.097596e+02	
494	7.781962e+04	1.101116e+02	
495	7.961412e+04	1.104716e+02	
496	8.145000e+04	1.108395e+02	
497	8.332822e+04	1.112154e+02	
498	8.524974e+04	1.115994e+02	
499	8.721558e+04	1.119914e+02	
500	8.922674e+04	1.123914e+02	
501	9.128429e+04	1.127996e+02	
502	9.338928e+04	1.132158e+02	
503	9.554281e+04	1.136401e+02	
504	9.774600e+04	1.140724e+02	
505	1.000000e+05	1.145128e+02	
506	1.023060e+05	1.149612e+02	
507	1.046651e+05	1.154175e+02	
508	1.070787e+05	1.158818e+02	
509	1.095479e+05	1.163539e+02	
510	1.120740e+05	1.168339e+02	
511	1.146584e+05	1.173216e+02	
512	1.173024e+05	1.178169e+02	
513	1.200074e+05	1.183198e+02	
514	1.227747e+05	1.188302e+02	
515	1.256059e+05	1.193478e+02	
516	1.285023e+05	1.198728e+02	
517	1.314655e+05	1.204048e+02	
518	1.344971e+05	1.209437e+02	

Index   frequency       phase           
--------------------------------------------------------------------------------
519	1.375986e+05	1.214894e+02	
520	1.407715e+05	1.220417e+02	
521	1.440177e+05	1.226004e+02	
522	1.473387e+05	1.231654e+02	
523	1.507363e+05	1.237364e+02	
524	1.542122e+05	1.243132e+02	
525	1.577683e+05	1.248956e+02	
526	1.614064e+05	1.254833e+02	
527	1.651284e+05	1.260761e+02	
528	1.689362e+05	1.266737e+02	
529	1.728318e+05	1.272759e+02	
530	1.768173e+05	1.278824e+02	
531	1.808947e+05	1.284929e+02	
532	1.850660e+05	1.291070e+02	
533	1.893336e+05	1.297246e+02	
534	1.936996e+05	1.303452e+02	
535	1.981663e+05	1.309686e+02	
536	2.027359e+05	1.315944e+02	
537	2.074110e+05	1.322222e+02	
538	2.121938e+05	1.328519e+02	
539	2.170869e+05	1.334829e+02	
540	2.220929e+05	1.341150e+02	
541	2.272143e+05	1.347478e+02	
542	2.324538e+05	1.353810e+02	
543	2.378141e+05	1.360142e+02	
544	2.432980e+05	1.366470e+02	
545	2.489084e+05	1.372792e+02	
546	2.546482e+05	1.379103e+02	
547	2.605203e+05	1.385401e+02	
548	2.665278e+05	1.391682e+02	
549	2.726739e+05	1.397942e+02	
550	2.789617e+05	1.404178e+02	
551	2.853945e+05	1.410388e+02	
552	2.919756e+05	1.416567e+02	
553	2.987085e+05	1.422713e+02	
554	3.055966e+05	1.428823e+02	
555	3.126436e+05	1.434893e+02	
556	3.198530e+05	1.440922e+02	
557	3.272288e+05	1.446906e+02	
558	3.347746e+05	1.452842e+02	
559	3.424944e+05	1.458729e+02	
560	3.503922e+05	1.464563e+02	
561	3.584722e+05	1.470342e+02	
562	3.667384e+05	1.476065e+02	
563	3.751953e+05	1.481728e+02	
564	3.838472e+05	1.487331e+02	
565	3.926986e+05	1.492871e+02	
566	4.017542e+05	1.498347e+02	
567	4.110185e+05	1.503756e+02	
568	4.204965e+05	1.509098e+02	
569	4.301930e+05	1.514371e+02	
570	4.401132e+05	1.519574e+02	
571	4.502621e+05	1.524705e+02	
572	4.606450e+05	1.529764e+02	
573	4.712673e+05	1.534749e+02	
574	4.821346e+05	1.539661e+02	
575	4.932525e+05	1.544497e+02	
576	5.046268e+05	1.549258e+02	

Index   frequency       phase           
--------------------------------------------------------------------------------
577	5.162633e+05	1.553943e+02	
578	5.281682e+05	1.558551e+02	
579	5.403477e+05	1.563082e+02	
580	5.528079e+05	1.567536e+02	
581	5.655555e+05	1.571913e+02	
582	5.785971e+05	1.576212e+02	
583	5.919394e+05	1.580434e+02	
584	6.055893e+05	1.584578e+02	
585	6.195541e+05	1.588644e+02	
586	6.338408e+05	1.592634e+02	
587	6.484570e+05	1.596547e+02	
588	6.634103e+05	1.600382e+02	
589	6.787083e+05	1.604142e+02	
590	6.943591e+05	1.607825e+02	
591	7.103709e+05	1.611433e+02	
592	7.267518e+05	1.614965e+02	
593	7.435105e+05	1.618423e+02	
594	7.606557e+05	1.621806e+02	
595	7.781962e+05	1.625116e+02	
596	7.961412e+05	1.628353e+02	
597	8.145000e+05	1.631518e+02	
598	8.332822e+05	1.634611e+02	
599	8.524974e+05	1.637632e+02	
600	8.721558e+05	1.640583e+02	
601	8.922674e+05	1.643465e+02	
602	9.128429e+05	1.646277e+02	
603	9.338928e+05	1.649021e+02	
604	9.554281e+05	1.651697e+02	
605	9.774600e+05	1.654306e+02	
606	1.000000e+06	1.656850e+02	
607	1.023060e+06	1.659327e+02	
608	1.046651e+06	1.661740e+02	
609	1.070787e+06	1.664089e+02	
610	1.095479e+06	1.666375e+02	
611	1.120740e+06	1.668598e+02	
612	1.146584e+06	1.670759e+02	
613	1.173024e+06	1.672859e+02	
614	1.200074e+06	1.674899e+02	
615	1.227747e+06	1.676879e+02	
616	1.256059e+06	1.678800e+02	
617	1.285023e+06	1.680663e+02	
618	1.314655e+06	1.682468e+02	
619	1.344971e+06	1.684217e+02	
620	1.375986e+06	1.685908e+02	
621	1.407715e+06	1.687545e+02	
622	1.440177e+06	1.689126e+02	
623	1.473387e+06	1.690652e+02	
624	1.507363e+06	1.692125e+02	
625	1.542122e+06	1.693545e+02	
626	1.577683e+06	1.694912e+02	
627	1.614064e+06	1.696226e+02	
628	1.651284e+06	1.697489e+02	
629	1.689362e+06	1.698701e+02	
630	1.728318e+06	1.699862e+02	
631	1.768173e+06	1.700974e+02	
632	1.808947e+06	1.702035e+02	
633	1.850660e+06	1.703047e+02	
634	1.893336e+06	1.704011e+02	

Index   frequency       phase           
--------------------------------------------------------------------------------
635	1.936996e+06	1.704926e+02	
636	1.981663e+06	1.705793e+02	
637	2.027359e+06	1.706612e+02	
638	2.074110e+06	1.707384e+02	
639	2.121938e+06	1.708110e+02	
640	2.170869e+06	1.708788e+02	
641	2.220929e+06	1.709421e+02	
642	2.272143e+06	1.710007e+02	
643	2.324538e+06	1.710547e+02	
644	2.378141e+06	1.711042e+02	
645	2.432980e+06	1.711492e+02	
646	2.489084e+06	1.711896e+02	
647	2.546482e+06	1.712256e+02	
648	2.605203e+06	1.712570e+02	
649	2.665278e+06	1.712840e+02	
650	2.726739e+06	1.713066e+02	
651	2.789617e+06	1.713247e+02	
652	2.853945e+06	1.713384e+02	
653	2.919756e+06	1.713476e+02	
654	2.987085e+06	1.713524e+02	
655	3.055966e+06	1.713528e+02	
656	3.126436e+06	1.713488e+02	
657	3.198530e+06	1.713404e+02	
658	3.272288e+06	1.713275e+02	
659	3.347746e+06	1.713102e+02	
660	3.424944e+06	1.712885e+02	
661	3.503922e+06	1.712623e+02	
662	3.584722e+06	1.712317e+02	
663	3.667384e+06	1.711966e+02	
664	3.751953e+06	1.711570e+02	
665	3.838472e+06	1.711129e+02	
666	3.926986e+06	1.710643e+02	
667	4.017542e+06	1.710111e+02	
668	4.110185e+06	1.709534e+02	
669	4.204965e+06	1.708910e+02	
670	4.301930e+06	1.708241e+02	
671	4.401132e+06	1.707525e+02	
672	4.502621e+06	1.706763e+02	
673	4.606450e+06	1.705953e+02	
674	4.712673e+06	1.705096e+02	
675	4.821346e+06	1.704191e+02	
676	4.932525e+06	1.703238e+02	
677	5.046268e+06	1.702236e+02	
678	5.162633e+06	1.701185e+02	
679	5.281682e+06	1.700085e+02	
680	5.403477e+06	1.698936e+02	
681	5.528079e+06	1.697736e+02	
682	5.655555e+06	1.696485e+02	
683	5.785971e+06	1.695183e+02	
684	5.919394e+06	1.693829e+02	
685	6.055893e+06	1.692422e+02	
686	6.195541e+06	1.690963e+02	
687	6.338408e+06	1.689451e+02	
688	6.484570e+06	1.687884e+02	
689	6.634103e+06	1.686263e+02	
690	6.787083e+06	1.684587e+02	
691	6.943591e+06	1.682856e+02	
692	7.103709e+06	1.681067e+02	

Index   frequency       phase           
--------------------------------------------------------------------------------
693	7.267518e+06	1.679222e+02	
694	7.435105e+06	1.677319e+02	
695	7.606557e+06	1.675358e+02	
696	7.781962e+06	1.673338e+02	
697	7.961412e+06	1.671259e+02	
698	8.145000e+06	1.669119e+02	
699	8.332822e+06	1.666918e+02	
700	8.524974e+06	1.664656e+02	
701	8.721558e+06	1.662332e+02	
702	8.922674e+06	1.659944e+02	
703	9.128429e+06	1.657493e+02	
704	9.338928e+06	1.654978e+02	
705	9.554281e+06	1.652398e+02	
706	9.774600e+06	1.649753e+02	
707	1.000000e+07	1.647041e+02	
708	1.023060e+07	1.644262e+02	
709	1.046651e+07	1.641416e+02	
710	1.070787e+07	1.638502e+02	
711	1.095479e+07	1.635519e+02	
712	1.120740e+07	1.632467e+02	
713	1.146584e+07	1.629345e+02	
714	1.173024e+07	1.626153e+02	
715	1.200074e+07	1.622890e+02	
716	1.227747e+07	1.619555e+02	
717	1.256059e+07	1.616150e+02	
718	1.285023e+07	1.612672e+02	
719	1.314655e+07	1.609121e+02	
720	1.344971e+07	1.605498e+02	
721	1.375986e+07	1.601802e+02	
722	1.407715e+07	1.598033e+02	
723	1.440177e+07	1.594190e+02	
724	1.473387e+07	1.590274e+02	
725	1.507363e+07	1.586284e+02	
726	1.542122e+07	1.582221e+02	
727	1.577683e+07	1.578085e+02	
728	1.614064e+07	1.573875e+02	
729	1.651284e+07	1.569592e+02	
730	1.689362e+07	1.565237e+02	
731	1.728318e+07	1.560810e+02	
732	1.768173e+07	1.556310e+02	
733	1.808947e+07	1.551740e+02	
734	1.850660e+07	1.547099e+02	
735	1.893336e+07	1.542389e+02	
736	1.936996e+07	1.537610e+02	
737	1.981663e+07	1.532763e+02	
738	2.027359e+07	1.527850e+02	
739	2.074110e+07	1.522870e+02	
740	2.121938e+07	1.517827e+02	
741	2.170869e+07	1.512721e+02	
742	2.220929e+07	1.507554e+02	
743	2.272143e+07	1.502328e+02	
744	2.324538e+07	1.497043e+02	
745	2.378141e+07	1.491703e+02	
746	2.432980e+07	1.486309e+02	
747	2.489084e+07	1.480863e+02	
748	2.546482e+07	1.475368e+02	
749	2.605203e+07	1.469825e+02	
750	2.665278e+07	1.464238e+02	

Index   frequency       phase           
--------------------------------------------------------------------------------
751	2.726739e+07	1.458609e+02	
752	2.789617e+07	1.452941e+02	
753	2.853945e+07	1.447235e+02	
754	2.919756e+07	1.441496e+02	
755	2.987085e+07	1.435727e+02	
756	3.055966e+07	1.429929e+02	
757	3.126436e+07	1.424107e+02	
758	3.198530e+07	1.418263e+02	
759	3.272288e+07	1.412401e+02	
760	3.347746e+07	1.406524e+02	
761	3.424944e+07	1.400636e+02	
762	3.503922e+07	1.394740e+02	
763	3.584722e+07	1.388839e+02	
764	3.667384e+07	1.382937e+02	
765	3.751953e+07	1.377037e+02	
766	3.838472e+07	1.371144e+02	
767	3.926986e+07	1.365259e+02	
768	4.017542e+07	1.359387e+02	
769	4.110185e+07	1.353532e+02	
770	4.204965e+07	1.347696e+02	
771	4.301930e+07	1.341883e+02	
772	4.401132e+07	1.336097e+02	
773	4.502621e+07	1.330340e+02	
774	4.606450e+07	1.324616e+02	
775	4.712673e+07	1.318928e+02	
776	4.821346e+07	1.313279e+02	
777	4.932525e+07	1.307672e+02	
778	5.046268e+07	1.302110e+02	
779	5.162633e+07	1.296594e+02	
780	5.281682e+07	1.291129e+02	
781	5.403477e+07	1.285716e+02	
782	5.528079e+07	1.280358e+02	
783	5.655555e+07	1.275057e+02	
784	5.785971e+07	1.269815e+02	
785	5.919394e+07	1.264634e+02	
786	6.055893e+07	1.259516e+02	
787	6.195541e+07	1.254462e+02	
788	6.338408e+07	1.249473e+02	
789	6.484570e+07	1.244552e+02	
790	6.634103e+07	1.239698e+02	
791	6.787083e+07	1.234914e+02	
792	6.943591e+07	1.230199e+02	
793	7.103709e+07	1.225554e+02	
794	7.267518e+07	1.220980e+02	
795	7.435105e+07	1.216477e+02	
796	7.606557e+07	1.212045e+02	
797	7.781962e+07	1.207684e+02	
798	7.961412e+07	1.203394e+02	
799	8.145000e+07	1.199174e+02	
800	8.332822e+07	1.195023e+02	
801	8.524974e+07	1.190940e+02	
802	8.721558e+07	1.186926e+02	
803	8.922674e+07	1.182977e+02	
804	9.128429e+07	1.179094e+02	
805	9.338928e+07	1.175274e+02	
806	9.554281e+07	1.171516e+02	
807	9.774600e+07	1.167818e+02	
808	1.000000e+08	1.164177e+02	

Index   frequency       phase           
--------------------------------------------------------------------------------
809	1.023060e+08	1.160593e+02	
810	1.046651e+08	1.157061e+02	
811	1.070787e+08	1.153580e+02	
812	1.095479e+08	1.150146e+02	
813	1.120740e+08	1.146758e+02	
814	1.146584e+08	1.143411e+02	
815	1.173024e+08	1.140103e+02	
816	1.200074e+08	1.136830e+02	
817	1.227747e+08	1.133588e+02	
818	1.256059e+08	1.130375e+02	
819	1.285023e+08	1.127186e+02	
820	1.314655e+08	1.124016e+02	
821	1.344971e+08	1.120863e+02	
822	1.375986e+08	1.117721e+02	
823	1.407715e+08	1.114587e+02	
824	1.440177e+08	1.111456e+02	
825	1.473387e+08	1.108323e+02	
826	1.507363e+08	1.105183e+02	
827	1.542122e+08	1.102032e+02	
828	1.577683e+08	1.098865e+02	
829	1.614064e+08	1.095677e+02	
830	1.651284e+08	1.092463e+02	
831	1.689362e+08	1.089217e+02	
832	1.728318e+08	1.085936e+02	
833	1.768173e+08	1.082612e+02	
834	1.808947e+08	1.079243e+02	
835	1.850660e+08	1.075821e+02	
836	1.893336e+08	1.072342e+02	
837	1.936996e+08	1.068801e+02	
838	1.981663e+08	1.065193e+02	
839	2.027359e+08	1.061513e+02	
840	2.074110e+08	1.057755e+02	
841	2.121938e+08	1.053915e+02	
842	2.170869e+08	1.049988e+02	
843	2.220929e+08	1.045969e+02	
844	2.272143e+08	1.041854e+02	
845	2.324538e+08	1.037638e+02	
846	2.378141e+08	1.033317e+02	
847	2.432980e+08	1.028887e+02	
848	2.489084e+08	1.024343e+02	
849	2.546482e+08	1.019683e+02	
850	2.605203e+08	1.014902e+02	
851	2.665278e+08	1.009997e+02	
852	2.726739e+08	1.004966e+02	
853	2.789617e+08	9.998046e+01	
854	2.853945e+08	9.945114e+01	
855	2.919756e+08	9.890836e+01	
856	2.987085e+08	9.835194e+01	
857	3.055966e+08	9.778170e+01	
858	3.126436e+08	9.719749e+01	
859	3.198530e+08	9.659920e+01	
860	3.272288e+08	9.598675e+01	
861	3.347746e+08	9.536008e+01	
862	3.424944e+08	9.471918e+01	
863	3.503922e+08	9.406406e+01	
864	3.584722e+08	9.339475e+01	
865	3.667384e+08	9.271133e+01	
866	3.751953e+08	9.201391e+01	

Index   frequency       phase           
--------------------------------------------------------------------------------
867	3.838472e+08	9.130261e+01	
868	3.926986e+08	9.057760e+01	
869	4.017542e+08	8.983909e+01	
870	4.110185e+08	8.908728e+01	
871	4.204965e+08	8.832244e+01	
872	4.301930e+08	8.754485e+01	
873	4.401132e+08	8.675482e+01	
874	4.502621e+08	8.595267e+01	
875	4.606450e+08	8.513878e+01	
876	4.712673e+08	8.431352e+01	
877	4.821346e+08	8.347730e+01	
878	4.932525e+08	8.263055e+01	
879	5.046268e+08	8.177371e+01	
880	5.162633e+08	8.090726e+01	
881	5.281682e+08	8.003169e+01	
882	5.403477e+08	7.914748e+01	
883	5.528079e+08	7.825516e+01	
884	5.655555e+08	7.735527e+01	
885	5.785971e+08	7.644833e+01	
886	5.919394e+08	7.553490e+01	
887	6.055893e+08	7.461555e+01	
888	6.195541e+08	7.369085e+01	
889	6.338408e+08	7.276136e+01	
890	6.484570e+08	7.182766e+01	
891	6.634103e+08	7.089035e+01	
892	6.787083e+08	6.994999e+01	
893	6.943591e+08	6.900718e+01	
894	7.103709e+08	6.806249e+01	
895	7.267518e+08	6.711652e+01	
896	7.435105e+08	6.616982e+01	
897	7.606557e+08	6.522297e+01	
898	7.781962e+08	6.427654e+01	
899	7.961412e+08	6.333108e+01	
900	8.145000e+08	6.238713e+01	
901	8.332822e+08	6.144524e+01	
902	8.524974e+08	6.050593e+01	
903	8.721558e+08	5.956972e+01	
904	8.922674e+08	5.863710e+01	
905	9.128429e+08	5.770857e+01	
906	9.338928e+08	5.678460e+01	
907	9.554281e+08	5.586564e+01	
908	9.774600e+08	5.495215e+01	
909	1.000000e+09	5.404454e+01	
