                               * opamp testbench
                               Transient Analysis  Thu Jun 15 17:40:49  2023
--------------------------------------------------------------------------------
Index   time            v(out2)         
--------------------------------------------------------------------------------
0	0.000000e+00	5.005086e-09	
1	1.000000e-09	4.102291e-07	
2	2.000000e-09	7.589027e-08	
3	4.000000e-09	-1.67488e-07	
4	8.000000e-09	5.955904e-08	
5	1.600000e-08	-4.70599e-08	
6	3.200000e-08	6.819332e-08	
7	6.400000e-08	-2.97801e-08	
8	9.345220e-08	1.705681e-05	
9	1.000000e-07	-1.86574e-05	
10	1.017312e-07	5.504850e-05	
11	1.051935e-07	3.986508e-05	
12	1.121182e-07	1.472116e-05	
13	1.259677e-07	3.487956e-05	
14	1.536665e-07	5.267916e-06	
15	2.090642e-07	1.057535e-05	
16	2.607840e-07	-1.06652e-05	
17	3.271570e-07	1.088771e-05	
18	3.898814e-07	-1.09724e-05	
19	4.898814e-07	1.114521e-05	
20	5.898814e-07	-1.11912e-05	
21	6.898814e-07	1.134989e-05	
22	7.898814e-07	-1.13900e-05	
23	8.898814e-07	1.154194e-05	
24	9.898814e-07	-1.15733e-05	
25	1.089881e-06	1.171558e-05	
26	1.100000e-06	-1.20183e-05	
27	1.101274e-06	-8.72324e-06	
28	1.103823e-06	6.266510e-06	
29	1.108921e-06	-1.21657e-06	
30	1.119116e-06	4.488386e-07	
31	1.139507e-06	1.912635e-06	
32	1.163522e-06	-1.48614e-06	
33	1.192109e-06	1.537344e-06	
34	1.200000e-06	-1.92732e-06	
35	1.202077e-06	4.658749e-07	
36	1.206232e-06	-3.91298e-07	
37	1.214541e-06	2.974602e-07	
38	1.231160e-06	-2.70500e-07	
39	1.264398e-06	2.408888e-07	
40	1.330873e-06	-2.51207e-07	
41	1.430873e-06	2.311991e-07	
42	1.530873e-06	-2.37481e-07	
43	1.630873e-06	2.242993e-07	
44	1.730873e-06	-2.26183e-07	
45	1.830873e-06	2.170226e-07	
46	1.930873e-06	-2.15290e-07	
47	2.000000e-06	2.064314e-07	
48	2.004402e-06	1.153876e-07	
49	2.013206e-06	-1.37328e-07	
50	2.030815e-06	1.634708e-07	
51	2.062975e-06	-1.07372e-07	
52	2.090835e-06	-2.33147e-07	
53	2.100000e-06	-2.10910e-05	
54	2.102419e-06	1.348316e-05	

Index   time            v(out2)         
--------------------------------------------------------------------------------
55	2.107256e-06	3.368672e-06	
56	2.116930e-06	-3.00686e-06	
57	2.136279e-06	4.117713e-06	
58	2.174976e-06	-4.27151e-06	
59	2.252371e-06	4.414946e-06	
60	2.352371e-06	-4.46854e-06	
61	2.452371e-06	4.565151e-06	
62	2.552371e-06	-4.61272e-06	
63	2.652371e-06	4.701336e-06	
64	2.752371e-06	-4.74035e-06	
65	2.852371e-06	4.820979e-06	
66	2.952371e-06	-4.85176e-06	
67	3.052371e-06	4.924681e-06	
68	3.100000e-06	-4.98459e-06	
69	3.103660e-06	-2.63598e-06	
70	3.110981e-06	3.950870e-06	
71	3.125621e-06	-3.37279e-06	
72	3.154903e-06	5.814349e-06	
73	3.179488e-06	-6.81652e-06	
74	3.200000e-06	7.272124e-06	
75	3.202643e-06	-2.00510e-07	
76	3.207930e-06	-1.86230e-07	
77	3.218502e-06	1.346310e-07	
78	3.239648e-06	-1.73528e-07	
79	3.281939e-06	1.466267e-07	
80	3.366521e-06	-1.73216e-07	
81	3.466521e-06	1.578843e-07	
82	3.566521e-06	-1.71576e-07	
83	3.666521e-06	1.641346e-07	
84	3.766521e-06	-1.72055e-07	
85	3.866521e-06	1.694374e-07	
86	3.966521e-06	-1.74530e-07	
87	4.000000e-06	1.765026e-07	
88	4.002419e-06	1.659533e-07	
89	4.007257e-06	-2.06381e-07	
90	4.016932e-06	1.832738e-07	
91	4.036283e-06	-1.29263e-07	
92	4.063183e-06	1.721239e-07	
93	4.090747e-06	-4.98884e-07	
94	4.100000e-06	-2.09045e-05	
95	4.102453e-06	1.362922e-05	
96	4.107358e-06	3.108118e-06	
97	4.117169e-06	-2.86530e-06	
98	4.136791e-06	3.978022e-06	
99	4.176034e-06	-4.14791e-06	
100	4.254520e-06	4.295576e-06	
101	4.354520e-06	-4.35494e-06	
102	4.454520e-06	4.456208e-06	
103	4.554520e-06	-4.50889e-06	
104	4.654520e-06	4.601840e-06	
105	4.754520e-06	-4.64558e-06	
106	4.854520e-06	4.730274e-06	
107	4.954520e-06	-4.76544e-06	
108	5.054520e-06	4.842169e-06	
109	5.100000e-06	-4.91393e-06	
110	5.103524e-06	-2.75110e-06	
111	5.110571e-06	4.075481e-06	
112	5.124665e-06	-3.55245e-06	

Index   time            v(out2)         
--------------------------------------------------------------------------------
113	5.152853e-06	6.063137e-06	
114	5.177216e-06	-7.00663e-06	
115	5.200000e-06	7.404057e-06	
116	5.202627e-06	-1.76070e-07	
117	5.207882e-06	-2.20599e-07	
118	5.218392e-06	1.676360e-07	
119	5.239411e-06	-1.99418e-07	
120	5.281450e-06	1.747349e-07	
121	5.365528e-06	-1.99306e-07	
122	5.465528e-06	1.843453e-07	
123	5.565528e-06	-1.97232e-07	
124	5.665528e-06	1.897340e-07	
125	5.765528e-06	-1.97030e-07	
126	5.865528e-06	1.943343e-07	
127	5.965528e-06	-1.98850e-07	
128	6.000000e-06	2.000174e-07	
129	6.002474e-06	1.652624e-07	
130	6.007422e-06	-2.05367e-07	
131	6.017319e-06	1.849233e-07	
132	6.037112e-06	-1.31025e-07	
133	6.063542e-06	1.760119e-07	
134	6.091173e-06	-4.83314e-07	
135	6.100000e-06	-2.22555e-05	
136	6.102369e-06	1.382415e-05	
137	6.107108e-06	3.765918e-06	
138	6.116585e-06	-3.27610e-06	
139	6.135539e-06	4.417264e-06	
140	6.173447e-06	-4.55726e-06	
141	6.249264e-06	4.701045e-06	
142	6.349264e-06	-4.74953e-06	
143	6.449264e-06	4.843901e-06	
144	6.549264e-06	-4.88699e-06	
145	6.649264e-06	4.973447e-06	
146	6.749264e-06	-5.00814e-06	
147	6.849264e-06	5.086667e-06	
148	6.949264e-06	-5.11327e-06	
149	7.049264e-06	5.184122e-06	
150	7.100000e-06	-5.23250e-06	
151	7.103858e-06	-2.47291e-06	
152	7.111573e-06	3.771109e-06	
153	7.127003e-06	-3.10324e-06	
154	7.157864e-06	5.394217e-06	
155	7.182764e-06	-6.41635e-06	
156	7.200000e-06	6.955018e-06	
157	7.202676e-06	-1.92577e-07	
158	7.208027e-06	-1.59229e-07	
159	7.218730e-06	1.082297e-07	
160	7.240136e-06	-1.53903e-07	
161	7.282948e-06	1.237271e-07	
162	7.368572e-06	-1.52257e-07	
163	7.468572e-06	1.362401e-07	
164	7.568572e-06	-1.50563e-07	
165	7.668572e-06	1.429070e-07	
166	7.768572e-06	-1.51252e-07	
167	7.868572e-06	1.484694e-07	
168	7.968572e-06	-1.53927e-07	
169	8.000000e-06	1.562844e-07	
170	8.002305e-06	1.735847e-07	

Index   time            v(out2)         
--------------------------------------------------------------------------------
171	8.006914e-06	-2.13073e-07	
172	8.016133e-06	1.834452e-07	
173	8.034571e-06	-1.28824e-07	
174	8.062518e-06	1.657957e-07	
175	8.089969e-06	-5.26986e-07	
176	8.100000e-06	-1.86631e-05	
177	8.102817e-06	1.269694e-05	
178	8.108452e-06	1.319059e-06	
179	8.119720e-06	-1.59136e-06	
180	8.142258e-06	2.569179e-06	
181	8.187333e-06	-2.80804e-06	
182	8.277484e-06	2.958925e-06	
183	8.377484e-06	-3.05169e-06	
184	8.477484e-06	3.172607e-06	
185	8.577484e-06	-3.25469e-06	
186	8.677484e-06	3.365971e-06	
187	8.777484e-06	-3.43738e-06	
188	8.877484e-06	3.539452e-06	
189	8.977484e-06	-3.60086e-06	
190	9.077484e-06	3.694160e-06	
191	9.100000e-06	-3.93569e-06	
192	9.102064e-06	-5.05868e-06	
193	9.106193e-06	5.421830e-06	
194	9.114451e-06	-2.86460e-06	
195	9.130967e-06	2.962238e-06	
196	9.157439e-06	-4.48615e-07	
197	9.180754e-06	-6.65979e-07	
198	9.200000e-06	1.344380e-06	
199	9.202756e-06	-6.31802e-07	
200	9.208269e-06	2.743040e-07	
201	9.219295e-06	-2.71877e-07	
202	9.241347e-06	2.251155e-07	
203	9.285450e-06	-2.40370e-07	
204	9.373657e-06	2.129032e-07	
205	9.473657e-06	-2.23606e-07	
206	9.573657e-06	2.077177e-07	
207	9.673657e-06	-2.11487e-07	
208	9.773657e-06	2.009973e-07	
209	9.873657e-06	-2.00188e-07	
210	9.973657e-06	1.924577e-07	
211	1.000000e-05	-1.77801e-07	
